zero rate, baris = hari D1 (0=Senin), kolom = d
 d         4      5      6      7      8      9      10
d1dow                                                 
0      0.059  0.118  0.059  0.059  0.118  0.118  1.000
1      0.211  0.237  0.237  0.211  0.237  0.289  0.316
2      0.060  0.096  0.106  0.129  0.318  0.435  0.485
3      0.083  0.130  0.180  0.290  0.423  0.512  0.551
4      0.189  0.281  0.493  0.622  0.699  0.699  0.692
5      0.014  0.029  0.271  0.257  0.257  0.271  0.286
6      0.500  0.667  0.667  0.667  0.667  0.667  0.667
zero rate, baris = hari D1, kolom = hari target
 dow        0      1      2      3      4      5      6
d1dow                                                 
0      0.118  0.118  1.000  0.059  0.118  0.059  0.059
1      0.211  0.237  0.289  0.316  0.211  0.237  0.237
2      0.106  0.129  0.318  0.435  0.485  0.060  0.096
3      0.130  0.180  0.290  0.423  0.512  0.551  0.083
4      0.189  0.281  0.493  0.622  0.699  0.699  0.692
5      0.286  0.014  0.029  0.271  0.257  0.257  0.271
6      0.667  0.667  0.500  0.667  0.667  0.667  0.667
frac_pairs_revive_after_zero: 0.0505
frac_pairs_all_zero_D4_D10: 0.0771
last_positive_day_dist: {3: 0.077, 4: 0.044, 5: 0.072, 6: 0.088, 7: 0.131, 8: 0.085, 9: 0.052, 10: 0.451}

== decile occupation_rate_d3
                        lo      hi  zero_frac  zero_d10  r_mean_med
occupation_rate_d3                                                
0                    0.00    7.28      0.676     0.923       0.092
1                    7.28   11.33      0.512     0.811       0.221
2                   11.33   14.56      0.421     0.725       0.333
3                   14.59   18.20      0.322     0.629       0.414
4                   18.20   21.84      0.275     0.543       0.453
5                   21.84   25.87      0.249     0.503       0.502
6                   25.87   30.71      0.195     0.401       0.562
7                   30.71   37.18      0.172     0.355       0.584
8                   37.18   48.83      0.166     0.332       0.594
9                   48.88  100.00      0.185     0.272       0.570
spearman_occupation_rate_d3: {'r_mean': np.float64(0.353), 'n_zero': np.float64(-0.443)}

== decile occ_mean
               lo       hi  zero_frac  zero_d10  r_mean_med
occ_mean                                                  
0          0.173    7.387      0.598     0.889       0.221
1          7.387   10.893      0.522     0.814       0.241
2         10.897   13.993      0.446     0.759       0.311
3         13.993   17.160      0.374     0.676       0.375
4         17.163   20.590      0.323     0.600       0.423
5         20.590   24.790      0.269     0.523       0.469
6         24.800   30.017      0.223     0.456       0.502
7         30.020   36.860      0.161     0.341       0.547
8         36.910   48.870      0.132     0.269       0.561
9         48.877  100.000      0.124     0.168       0.573
spearman_occ_mean: {'r_mean': np.float64(0.262), 'n_zero': np.float64(-0.476)}

== decile show_trend
                lo      hi  zero_frac  zero_d10  r_mean_med
show_trend                                                
0           0.077   0.476      0.592     0.881       0.165
1           0.476   0.571      0.586     0.871       0.204
2           0.571   0.724      0.470     0.778       0.254
3           0.724   0.909      0.288     0.544       0.392
4           0.909   1.000      0.227     0.425       0.517
5           1.000   1.000      0.262     0.576       0.404
6           1.000   1.000      0.178     0.420       0.558
7           1.000   1.188      0.236     0.390       0.469
8           1.190   1.833      0.078     0.177       0.625
9           1.833  13.000      0.256     0.432       0.825
spearman_show_trend: {'r_mean': np.float64(0.409), 'n_zero': np.float64(-0.436)}

== decile tix_trend
               lo       hi  zero_frac  zero_d10  r_mean_med
tix_trend                                                 
0          0.022    0.351      0.668     0.893       0.052
1          0.351    0.514      0.434     0.725       0.291
2          0.514    0.649      0.317     0.573       0.385
3          0.649    0.767      0.252     0.484       0.450
4          0.767    0.896      0.241     0.508       0.488
5          0.896    1.060      0.249     0.478       0.478
6          1.060    1.278      0.246     0.478       0.524
7          1.278    1.645      0.235     0.436       0.568
8          1.647    2.640      0.208     0.394       0.580
9          2.647  983.000      0.324     0.524       0.838
spearman_tix_trend: {'r_mean': np.float64(0.393), 'n_zero': np.float64(-0.259)}

== decile scale
             lo         hi  zero_frac  zero_d10  r_mean_med
scale                                                     
0        1.000     37.667      0.679     0.920       0.172
1       37.667     64.667      0.589     0.886       0.231
2       64.667     93.000      0.506     0.814       0.278
3       93.333    129.333      0.423     0.731       0.343
4      129.333    170.333      0.335     0.653       0.402
5      170.667    226.000      0.261     0.557       0.476
6      226.000    312.000      0.191     0.444       0.498
7      312.000    446.333      0.121     0.301       0.549
8      447.000    800.000      0.051     0.140       0.573
9      801.333  23587.000      0.016     0.048       0.586
spearman_scale: {'r_mean': np.float64(0.312), 'n_zero': np.float64(-0.659)}

== decile total_show_d3
                  lo     hi  zero_frac  zero_d10  r_mean_med
total_show_d3                                              
0               1.0    2.0      0.710     0.911       0.104
1               2.0    2.0      0.619     0.876       0.188
2               2.0    3.0      0.505     0.826       0.279
3               3.0    5.0      0.286     0.562       0.517
4               5.0    5.0      0.259     0.515       0.504
5               5.0    5.0      0.251     0.612       0.434
6               5.0    7.0      0.231     0.453       0.500
7               7.0   10.0      0.163     0.352       0.526
8              10.0   16.0      0.097     0.245       0.551
9              16.0  281.0      0.051     0.141       0.591
spearman_total_show_d3: {'r_mean': np.float64(0.311), 'n_zero': np.float64(-0.593)}

== decile tix_per_show_d3
                      lo       hi  zero_frac  zero_d10  r_mean_med
tix_per_show_d3                                                  
0                 0.500   10.500      0.686     0.932       0.082
1                10.500   16.000      0.539     0.849       0.194
2                16.000   21.200      0.445     0.764       0.289
3                21.200   26.600      0.348     0.661       0.385
4                26.600   32.400      0.290     0.575       0.449
5                32.400   38.600      0.248     0.514       0.470
6                38.600   46.100      0.219     0.438       0.517
7                46.100   56.600      0.159     0.339       0.597
8                56.617   76.643      0.118     0.245       0.612
9                76.667  393.600      0.120     0.175       0.615
spearman_tix_per_show_d3: {'r_mean': np.float64(0.385), 'n_zero': np.float64(-0.522)}
median_r_by_daytipe_x_holiday: {('friday', 'holiday'): 0.769, ('friday', 'normal'): 0.447, ('weekday', 'holiday'): 1.17, ('weekday', 'normal'): 0.526, ('weekend', 'holiday'): 0.716, ('weekend', 'normal'): 0.964}
median r (positif saja) per d x day_tipe
 day_tipe  friday  weekday  weekend
d                                 
4          0.791    0.588    1.038
5          1.170    0.594    0.995
6          1.213    0.568    1.169
7          0.772    0.523    2.497
8          0.303    0.448    1.017
9          0.536    0.395    0.552
10         0.437    0.613    0.631
price_weekday_desc: {'count': 69.0, 'mean': 37754.0, 'std': 6781.0, 'min': 20000.0, '25%': 35000.0, '50%': 40000.0, '75%': 40000.0, 'max': 55000.0}
price_wkend_ratio_desc: {'count': 69.0, 'mean': 1.331, 'std': 0.088, 'min': 1.2, '25%': 1.25, '50%': 1.333, '75%': 1.375, 'max': 1.625}
